0.1 -2.09572 -3.48868 -4.85834e-13 3.48868 2.09572
0.2 -4.23147 -7.05771 2.50999e-12 7.05771 4.23147
0.3 -6.40679 -10.7071 -1.32339e-13 10.7071 6.40679
0.4 -8.62178 -14.4367 3.09086e-13 14.4367 8.62178
0.5 -10.8765 -18.2464 -3.06599e-12 18.2464 10.8765
0.6 -13.1705 -22.1367 -1.77103e-12 22.1367 13.1705
0.7 -15.5038 -26.1072 -2.82796e-12 26.1072 15.5038
0.8 -17.8767 -30.154 2.22755e-12 30.154 17.8767
0.9 -20.288 -34.2837 -2.83507e-12 34.2837 20.288
1 -22.7325 -38.4837 3.55271e-14 38.4837 22.7325
0.1 -7574.02 -14123 -38346.6 -34436.8 -13574.6
0.2 -3977.53 -5532.01 -21906.8 -19191.8 -7085.83
0.3 46.0249 77.6651 328.811 235.827 489.367
0.4 6478.76 7473.75 35996.5 8476.29 9432.37
0.5 9308.06 5872.08 34489.4 22616.7 30179
0.6 4936.81 4041.76 21303.3 15124.9 11008.8
0.7 -1036.27 -1133.54 -1991.18 10341.8 -5003.84
0.8 -6975.96 -9827.05 -32163.6 11609.1 -16417.4
0.9 -9743.67 -22940.5 -50898.8 13921.6 -25947.4
1 -17756.2 -36600.8 -58683.4 23100.4 -31014.6
1.1 -17987.1 -42433.7 -57631.7 21470.5 -39722.7
1.2 -16365.7 -47279.3 -47045.9 15425.1 -50622.4
1.3 -11343.3 -35069.4 -40942 13881.6 -43267.8
1.4 -6412.08 -23001.4 -34977.8 12299.5 -35978.8
1.5 -1756.3 -11035.1 -29172.2 10784.2 -28533.7
1.6 -960.962 4893.19 -22472.6 9535.97 -17430.2
1.7 -1829.33 20210.5 -9796.85 5868.09 -6180.18
1.8 3927.6 24557.1 4665.56 13677 10608.5
1.9 9017.84 25979 11311.4 23585.4 30601.6
2 11911 28254.9 12639.3 35700.9 34698
2.1 20638.7 43378.3 -1836.89 39084.3 33248.7
2.2 30532.4 60649.4 -7195.89 29466.2 30426.8
2.3 25404.9 51320.9 -7191.6 23783.2 23841.7
2.4 20293.4 42002.2 -7005.71 18160.8 17328.1
2.5 15006.3 32206.1 -5892.65 12452.4 10869.2
2.6 8336.5 21927.5 -5722.49 6845.34 3716.04
2.7 764.672 12912.6 -7313.67 -5836.39 -5062.27
2.8 -2010.71 -2912.69 -20244.4 -151.046 -18429.9
2.9 -7150.69 -14065.3 -30434.8 4902.7 -25754
3 -10593.6 -24367 -36076.3 6530.76 -32913.9
3.1 -12330.6 -32781.8 -41770.1 5989.26 -39212.1
3.2 -11861.7 -40067.4 -45516.9 4529.49 -45212.9
3.3 -9364.61 -45040.1 -41651.8 236.974 -51665.7
3.4 -6495.61 -47889.7 -33888.3 -6086.06 -60040.9
3.5 -3015.07 -38085.8 -28954.3 -4571.66 -53339.6
3.6 225.953 -28486.8 -24102.1 -3065.43 -46713.5
3.7 3059.77 -19292.1 -19410.1 -1354.63 -39990.9
3.8 4107.99 -9366.84 -15021 1099.53 -32256.6
3.9 1139.05 4262.79 -11915.2 4887.54 -21715.8
4 -703.841 13818.3 -8883.56 8591.54 -12743.1
4.1 -1461.2 22429 -1508.42 6065.05 -4996.28
4.2 1982.76 27935.3 5527.47 13066.6 5669.28
4.3 8394.48 34360.3 6795.14 17549 12513.3
4.4 15346.6 44110.9 1219.91 22633.5 18812.7
4.5 22377.1 53887.5 -3678.26 25786.4 24268.4
4.6 29121.6 63263.1 -6406.92 25853.3 29162.7
4.7 36424.6 76391.8 -7073 15933.8 28147.6
4.8 42683.6 86739 -7809.54 7338.94 27173.3
4.9 37427.1 76297.5 -8989.5 4962.99 22942.3
5 32194 65910.7 -10037.6 2770.41 18791.7
5.1 26881.9 55383.6 -10885.3 913.426 14751.2
5.2 21424.1 44583.7 -11405.8 -320.871 10884.8
5.3 14678.9 32335.7 -11971 -156.198 6298.02
5.4 7257.02 19845.8 -11679.2 361.285 1232.33
5.5 -466.925 10444.2 -9224.72 -6708.94 -4795.31
5.6 -3026.59 -4807.93 -17229 -498.611 -16810.7
5.7 -7671.78 -13892.2 -24015.6 1430.63 -24454.3
5.8 -9057.82 -22329.8 -27385.6 -411.2 -30440.6
5.9 -9455.63 -29953.6 -29383.6 -3074.55 -36599.9
6 -9204.08 -37168.2 -29429.6 -6492.05 -42576.7
6.1 -7429.82 -42059.7 -29105.9 -10506.9 -49255.7
6.2 -4693.34 -45281.3 -26879.5 -15977.1 -56012.6
6.3 -939.619 -47417.2 -20222.9 -23056.4 -64054.8
6.4 3124.07 -48721.1 -14792.2 -28421.5 -72370.7
6.5 6303.2 -39384.8 -11659.7 -25676.9 -65433.3
6.6 9165.01 -30337.3 -8702.05 -22853.2 -58510
6.7 11526.9 -21655.1 -5933.16 -19896.6 -51645.7
6.8 13649.2 -13414.1 -3432.02 -16687.4 -44737
6.9 11500.3 -2090.41 -2950.42 -11330.7 -35762.8
7 8327.05 8581.66 -4282.35 -5033.29 -26827.1
7.1 5705.73 14892.4 -4848.22 1025.12 -18115
7.2 2474.87 19175.6 -5701.96 6631.69 -9478.95
7.3 -1466.38 21522.8 -1025.8 9728.73 -3308.86
7.4 1138.37 25704.5 3684.18 12880.3 5681.29
7.5 8797.9 35800.6 710.669 15068.1 10400.9
7.6 15751.6 47326.4 -3238.04 15602.2 14051.3
7.7 22128.4 57441.5 -3564.44 13933.4 17022.6
7.8 28482.9 67651.4 -4025.17 11545.2 19819.7
7.9 34698.2 77788.4 -4988.36 8665.09 22541.6
8 40494.2 87829 -6682.46 4435.67 25206.7
8.1 45685.9 96139.9 -6837.71 -1911.23 25555.3
8.2 50399.3 101573 -7057.37 -6729.14 25733
8.3 45339.9 91589.9 -9010.02 -8555.98 22532.1
8.4 40285.2 81659.3 -10829.2 -10115.1 19415.6
8.5 35147.1 71607.8 -12481.9 -11239.5 16409.4
8.6 29727.3 61547 -13815.8 -11803.9 13581
8.7 23825 51013.2 -14928.7 -11353.4 10889.8
8.8 16660.4 39037.1 -16086.3 -8995.76 8034.36
8.9 9466.45 27225 -16667.1 -5960.5 4600.94
9 2837.36 15828.1 -16457.7 -2182.25 329.317
9.1 -2204.22 4172.48 -15027.6 917.688 -5396.41
9.2 -4778.97 -7716.36 -16413.7 1000.86 -15631.4
9.3 -8336.62 -15179.5 -20511.7 -338.614 -22423.2
9.4 -8908.3 -22188.7 -22618.9 -3025.36 -29104.2
9.5 -8413.69 -28628.8 -23292.9 -6556.44 -35769.2
9.6 -6953.75 -33624.4 -22828 -10878.5 -43104.4
9.7 -4770.86 -37825.9 -21061 -16014.2 -50143.6
9.8 -1938.5 -41134.7 -18511.5 -21389.4 -57381.1
9.9 1318.18 -43722.5 -15441.7 -27019.4 -64498.3
10 4752.8 -45928.4 -11369.3 -33387.3 -70881.9
10.1 8400.35 -47948.1 -4989.29 -39895.2 -77862
10.2 11385 -38817.7 -2201.63 -37125.3 -70973.3
10.3 14072.4 -30055.1 396.173 -34233.7 -64109
10.4 16351.9 -21658.4 2796.94 -31184.1 -57290.4
10.5 18091 -13680.1 4694.19 -27495.9 -50955.1
10.6 17586.6 -4072.9 4850.1 -22066.8 -43087.1
10.7 13882.1 7314.19 2511.56 -15379.4 -34057.7
10.8 11018.2 14409.4 401.995 -8684.5 -25372.4
10.9 7917.59 18730.2 -1597.13 -1934.3 -16980.1
11 4325.09 21822.7 -4014.34 5024.4 -9248.09
11.1 1528.61 24659.7 -688.259 10573.4 -4043.51
11.2 539.244 25540 882.253 12577.2 5444.93
11.3 8248.45 36506 -3122.51 14423.4 9418.77
11.4 14735 46516.2 -3885.02 13339.4 11870.7
11.5 20843.8 55697.8 -3224.19 11093.1 14051.9
11.6 26887.1 64896.4 -2883.99 8336.08 16133
11.7 32688.2 74147 -2947.21 5017.18 18257.3
11.8 38277 83230.4 -3477.45 1167.45 20472.5
11.9 43585.8 92105.6 -4613.84 -3125.84 22695
12 48504 100746 -6313.08 -7925.73 24883.1
12.1 53363.6 104345 -5593.1 -12441.7 25431.5
12.2 48366.3 94672.4 -7839.13 -14256.4 22472.2
12.3 43108 85350.5 -9829.22 -15937.1 19632.3
12.4 37781.9 75946.6 -11668.7 -17130.4 16895.7
12.5 32347.9 66380.8 -13277.9 -17635.7 14322.5
12.6 26581.3 56326.5 -14743.5 -17059.4 11879.2
12.7 20004.6 45288.2 -16075.5 -14977.2 9461.58
12.8 13086.2 33871.3 -17003.3 -11549.6 7014.33
12.9 6444.68 22867 -17515.2 -7487.39 3996.27
13 591.311 11900.3 -17306.6 -2893.54 668.559
13.1 -3724.07 1092.44 -15491.7 2786.81 -5766.36
13.2 -5845.77 -8912.63 -15814.7 1510.59 -14806.7
13.3 -8638.7 -15315.9 -20291.8 -562.515 -22065.3
13.4 -8963.78 -21792.1 -21909.5 -3521.05 -28852.4
13.5 -8146.55 -27594.1 -22113.3 -7311.64 -35861.6
13.6 -6551.22 -32375.4 -21096.5 -11968.8 -43093.1
13.7 -4226.56 -36309.9 -19073.7 -17085.5 -50425.6
13.8 -1359.75 -39553.6 -16238.5 -22567.6 -57718.3
13.9 1827.62 -42365.5 -12529 -28647.4 -64610.8
14 5221.63 -44766.8 -8191.37 -35184.2 -71125.8
14.1 8829.3 -46715.7 -3496.04 -41876.4 -77604.2
14.2 12527 -48755.5 3154.13 -47591.5 -85343.5
14.3 16004 -50821.5 9742.86 -52320.7 -93310.8
14.4 18914.6 -41907 12132.9 -49693.8 -86256.7
14.5 21584.9 -33250.5 14246.7 -46706.4 -79614.1
14.6 23936.7 -24978.5 15982.6 -43165.3 -73344
14.7 25594.8 -17241 17220.5 -39277.4 -67004.3
14.8 26648.9 -10126.3 17322.2 -34452 -60052.4
14.9 24868.6 -915.935 14735 -28122.7 -51172.1
15 21121.4 8563.92 11058.9 -21324.3 -42410.6
15.1 17617.8 14898.2 7225.06 -14401.8 -33713
15.2 14115.9 18162 4007.66 -6794.32 -25565.1
15.3 10394.9 20711.6 720.897 212.771 -17509.8
15.4 6303.83 22618.4 -2499.31 6489.08 -9493.68
15.5 1431.64 23037.2 -1598.18 11316.9 -2539.59
15.6 97.4615 25192.2 22.5633 13529.2 5595.8
15.7 7716.24 35831.9 -3817.46 14837.1 8838.72
15.8 14061.3 44960.8 -3651.1 13263.7 11047.2
15.9 20039.6 53473.9 -2504.95 10788.3 12934.1
16 25932.1 61976.5 -1609.83 7893.62 14720.8
16.1 31609.1 70496.6 -1020.35 4458.94 16531.8
16.2 37060.1 78937 -839.588 546.979 18401.8
16.3 42290.4 87219.7 -1170.93 -3793.94 20302.7
16.4 47266.4 95353.7 -2005.74 -8506.7 22232.8
16.5 51868.5 103371 -3263 -13635.2 24197.6
16.6 56195.2 106148 -2177.49 -18518.9 25238.8
16.7 59907.3 108310 -867.222 -23275.8 25900.1
16.8 54868.4 99546.9 -3315.15 -25240.5 23209.2
16.9 49831.5 90871.7 -5637.42 -26864.9 20614.1
17 44725.6 82171.5 -7833.71 -27989.1 18125.1
17.1 39532.9 73402.5 -9832.78 -28441.5 15787.4
17.2 34181 64436.3 -11569 -28087.9 13635.9
17.3 28322.4 54844 -13306.8 -26395.3 11606.3
17.4 22117.4 44935.7 -14797 -23488.2 9562.23
17.5 15759.8 34894.1 -15837.8 -19595.6 7522.5
17.6 9757.96 25158.3 -16584.9 -14976 5334.32
17.7 4051.79 15812 -17254.9 -9668.29 2659.97
17.8 -1091.25 6340.33 -17239.4 -3888.49 -5.4737
17.9 -5459.16 -2477.26 -15811.5 2713.43 -5403.32
18 -7467.18 -9616.48 -15997.4 1753.66 -14217.5
18.1 -9423.05 -15158.4 -19806.3 -284.548 -22111.7
18.2 -9428.57 -20832.8 -20772.1 -3320.78 -29440.1
18.3 -8211.52 -26048.4 -20173.9 -7220.72 -36946.3
18.4 -6386.53 -30500.5 -18496.8 -11859.6 -44426.7
18.5 -3989.59 -34245.6 -15992.4 -16842.9 -52014.9
18.6 -1209.61 -37495.7 -12726.8 -22175.9 -59483.5
18.7 1847.81 -40474.7 -8234.96 -28472.3 -66328.6
18.8 5113.61 -43039.1 -3428.12 -34899 -73088.5
18.9 8562.84 -45216 1579.47 -41437.3 -79751.3
19 12240.5 -47058.4 6725.97 -48063.3 -86352.8
19.1 15965.1 -48709 11923 -54699.1 -92801.1
19.2 19362.5 -50774.8 18433.1 -59496.7 -100385
19.3 22726.2 -53498.5 24900.7 -59418 -111139
19.4 26095.4 -56137.5 30002 -55293.4 -123725
19.5 29062.5 -47326.9 32025.4 -52969.2 -116995
19.6 31730.7 -38874.8 33796.5 -50512.7 -110274
19.7 33949.7 -30857.9 35188.4 -47773.3 -103448
19.8 35659.3 -23428.5 35661.8 -44568.5 -96471.5
19.9 37041 -16672.7 35024.8 -40799.8 -89325.4
20 37395.9 -10373.2 33603 -36157.5 -81401.5
20.1 36333.8 -4159.28 31033.1 -30917.1 -72879.9
20.2 33369.5 3382.48 26270.6 -25226.7 -63700.8
20.3 29725.9 9836.87 20850.3 -19277.4 -54531.2
20.4 25748.9 14452.1 15534.4 -13252.2 -45352.4
20.5 21859 16889.1 11206.7 -7303.01 -36140.8
20.6 17554.8 18416 6923.53 -1035.7 -27332.3
20.7 13289.7 19914.9 2876.18 4756.76 -18608.6
20.8 8695.24 21005 -1123.82 10072.2 -9672.41
20.9 3478.38 21408.6 -2527.82 14471.6 -1720.53
21 -325.559 22669.9 1098.69 15393.8 5019.18
21.1 7324.69 32948.7 -3746.5 16358 7903.87
21.2 13544 41168.7 -3249.21 14256.2 9903.03
21.3 19342.1 48664.3 -1750.69 11412.8 11588.8
21.4 25045.5 56081.2 -459.398 8226.05 13224.5
21.5 30520.5 63585.4 565.285 4540.94 14898.4
21.6 35822 70995.4 1270.45 502.007 16597.2
21.7 40937.2 78310.9 1615.41 -3896.28 18324.7
21.8 45893.3 85507.6 1582 -8652.83 20089.6
21.9 50689.6 92609.7 1216.64 -13709.9 21883
22 55204.6 99788.2 612.221 -19051.7 23638.8
22.1 59058 107512 7.39533 -24910.4 25102.2
22.2 63080.6 111152 1351.33 -30681.9 25258.1
22.3 66700.9 114150 2905.65 -36185.5 24870.8
22.4 70076.6 117171 4464.07 -41885.1 24290
22.5 65410.5 108987 1736.73 -43772.8 21787.7
22.6 60705.6 100888 -838.937 -45337.9 19374.7
22.7 55926.7 92807.4 -3196.49 -46459.2 17083.4
22.8 51065.4 84760.4 -5351.23 -46952.1 14930.8
22.9 46067.2 76668.4 -7367.72 -46620.6 12912.6
23 40683.7 68215.4 -9341.63 -45131.7 11023.8
23.1 35180.2 59767.3 -10950.4 -42845.2 9274.51
23.2 29790.4 51443.4 -12207.8 -39900.3 7566.58
23.3 24233.5 43026.4 -13358.9 -35904.6 5796.55
23.4 18706.8 34653.8 -14387.1 -31024.9 3963.66
23.5 13470.4 26528.1 -15250.2 -25624.3 2076.18
23.6 8557.46 18716.8 -16009.7 -19828.7 -22.3354
23.7 3268.42 11611 -16435.7 -13537.2 -2290.15
23.8 -2186.11 4766.05 -16277.3 -7115.73 -4625.93
23.9 -6057.55 -3016.93 -15243.6 -616.742 -7971.84
24 -9187.79 -7553.15 -16527.9 1456.32 -15666.6
24.1 -10260.8 -12055.6 -19192.2 376.891 -25299.6
24.2 -9385.38 -17236.3 -19271 -1668.88 -33985.4
24.3 -8032.22 -22204.2 -17951.7 -4613.17 -42219.6
24.4 -6188.19 -26580.4 -15787.3 -8022.91 -50420.4
24.5 -3874.79 -30334.2 -12923.7 -11744.3 -58690.5
24.6 -1269.19 -33735.6 -9191.39 -16028.3 -66663.2
24.7 1527.88 -36919.8 -4583.05 -20979 -74224.6
24.8 4565.28 -39690.1 402.726 -26151.8 -81702.8
24.9 7803.54 -42131.1 5646.35 -31500.1 -89101.4
25 11191.9 -44305.8 11054.2 -36971.2 -96430.3
25.1 14702 -46288.2 16560.9 -42524.5 -103683
25.2 18304.7 -48137.1 22135.5 -48149.9 -110839
25.3 22020.5 -49797 27725.5 -53698.2 -118072
25.4 26018.8 -51191 33353.3 -59033.3 -125645
25.5 29156 -53486.5 38548.5 -58240 -135750
25.6 31999.3 -56293.4 43469.7 -53822.2 -147258
25.7 34897.2 -47663.5 45439.2 -51968.7 -140230
25.8 37469.4 -39367.6 47161 -50015.9 -133181
25.9 39916 -31607.8 47728.2 -47566.5 -125971
26 41884.1 -24407.3 47648.4 -44824.7 -118622
26.1 43221.5 -17653 47024.2 -41812.7 -111314
26.2 43747.6 -11207.5 45748.4 -38305.2 -103695
26.3 43105.9 -5572.13 43575.1 -34083.9 -95087.9
26.4 42053.4 -719.596 40402.6 -29663.4 -86452.2
26.5 40508 3474.18 36382.9 -24929.9 -78070.6
26.6 38237.7 7270.37 31801.9 -20102.1 -69529.5
26.7 34411.4 11747 26024.2 -14911.4 -60372.9
26.8 29801.7 15905.1 19900.4 -9560.12 -50998.1
26.9 25466.5 18968.2 14212.1 -4456.85 -41547.9
27 21473.1 20713.6 9491.34 417.4 -32452.3
27.1 17119.4 21866.7 4879.03 5413.4 -23419.3
27.2 12674.5 22867.2 258.842 10169.6 -14413
27.3 7777.05 23473.5 -2678.71 13177.4 -5494.78
27.4 2566.74 23846.8 930.817 14443.9 108.015
27.5 9463.45 33042.2 -3432.06 14984.4 2938.76
27.6 15504.1 40153.9 -2652.41 12755.5 4842.16
27.7 21051.1 46706.4 -964.628 9732.93 6454.53
27.8 26485.9 53183.8 524.68 6371.08 8039.64
27.9 31788.8 59580.4 1775.86 2695.17 9624.85
28 36947.3 65893.9 2748.15 -1329.38 11220.3
28.1 41963.6 72125.8 3446.92 -5641.54 12834.1
28.2 46822.7 78290.7 3873.58 -10233.8 14464.9
28.3 51522.7 84404.6 4046.24 -15075.5 16109.8
28.4 56063.8 90491.6 3991.26 -20109.3 17756.9
28.5 60228 96713.3 3877.01 -25440.7 19405.4
28.6 64045.3 103069 3744.15 -30991.5 21000.4
28.7 67767.4 109521 3492.23 -36762.7 22403
28.8 71456.3 116339 3268.15 -42925.5 23173.8
28.9 74389.1 119807 4609.22 -48733.3 23035.1
29 59459.3 118622 -4389.52 -41271.2 28298.2
29.1 56534.9 109515 -6537.65 -43379.9 25748.9
29.2 53498.7 100695 -8545.37 -45190.1 23266.5
29.3 50377.7 92090 -10458.1 -46521.3 20861.9
29.4 47136.5 83679.4 -12222.5 -47260.7 18561.2
29.5 43699.1 75395.8 -13849.2 -47226.2 16371.6
29.6 39883.3 66935.1 -15436 -46148.4 14292
29.7 36040.4 58792.4 -16722.2 -44355.4 12325.3
29.8 32188 50958.7 -17661.2 -42011.8 10411.5
29.9 28395.9 43416.3 -18360.4 -39121.4 8520.18
30 24369 35847.5 -18980.6 -35314.8 6571.84
30.1 20296.9 28545.3 -19336.5 -30879.7 4610.62
30.2 16280.9 21561.7 -19513.8 -26047 2631.73
30.3 12264.2 14921.4 -19565.6 -20947.6 580.809
30.4 8412.85 8494.72 -19581.8 -15583.4 -1555.53
30.5 4176.39 3331.38 -20062.3 -9980.82 -3811.88
30.6 -499.928 -810.115 -20776.1 -4244.39 -6040.71
30.7 -5650.43 -4696.23 -20877.4 1066.53 -8261.81
30.8 -11909.3 -7236.44 -22271.9 3176.33 -18094.1
30.9 -13622.1 -11464.5 -25310 4236.95 -26833.7
31 -12465.6 -16521.1 -23515.7 2478.82 -35732.9
31.1 -11058.2 -21239.5 -21012.3 335.676 -44438.8
31.2 -9076.8 -25447.7 -17700.7 -2507.81 -52846.4
31.3 -6854.54 -29170.4 -13938.4 -5593.72 -61257.7
31.4 -4264.8 -32352.4 -9881.82 -8818.6 -69812.1
31.5 -1514.42 -35414 -5023.82 -12763.7 -77880.5
31.6 1362.77 -38190 206.591 -17045.4 -85752.8
31.7 4434.15 -40641.1 5588.63 -21459.7 -93587.1
31.8 7619.61 -42846.7 11070.9 -25993.1 -101347
31.9 10903.2 -44876.5 16601.7 -30604.6 -109032
32 14297.4 -46750.9 22184 -35301.5 -116623
32.1 17745.7 -48506.3 27773.9 -40055.4 -124085
32.2 21383.1 -50053.4 33302.7 -44609.7 -131863
32.3 25136.8 -51451.8 38792.6 -49017.9 -139706
32.4 28720.5 -52805.2 44101.4 -53340.5 -147091
32.5 31470 -55204.1 49027.8 -50392.2 -157659
32.6 33951.6 -57884 53871.4 -45666 -168739
32.7 36472.4 -60742.4 58755.1 -40269.6 -179678
32.8 39040.8 -52373.3 60579.7 -38669.7 -172388
32.9 41609.4 -44394.1 61562.3 -36957.5 -164903
33 43984.7 -36884 61727.9 -35251.8 -157075
33.1 45861.6 -29859.9 61432 -33385.1 -149175
33.2 47183 -23197.9 60712.1 -31395.4 -141418
33.3 47918.6 -16814.9 59467.6 -29155.6 -133618
33.4 47891.4 -11104.2 57392.8 -26395.7 -125202
33.5 47157.9 -6059.9 54533.5 -23242.9 -116662
33.6 46060.9 -1779.37 50940.3 -19961.8 -108108
33.7 44559.1 1946.76 46827 -16580.6 -99519
33.8 42432.2 5165.61 42313.9 -13115.7 -90847.1
33.9 40000.7 8090.38 37549.4 -9630.17 -82186.9
34 36920 10734.2 32523 -6084.17 -73311.5
34.1 33689.8 13189.4 27500.8 -2648.04 -64425
34.2 30043.8 15465.5 22416.9 757.715 -55418
34.3 26300.6 17609.9 17336.7 4070.27 -46441.7
34.4 21796.1 19982.6 11822.8 7441.45 -36775.4
34.5 17630 21575.5 6791.96 10726.9 -27238.6
34.6 13411.2 22762.8 2260.24 13895.3 -18305.1
34.7 8835.62 23491.2 129.948 14702.8 -9145.19
34.8 3802.74 23725.6 2407.89 15136.6 -2682.1
34.9 8288.28 30955.5 -89.2025 15657.2 -134.643
35 13122.1 38814.1 -3125.45 14930.8 2443.39
35.1 17115.5 45060.5 -2481.28 12449.7 4501.55
35.2 21018 51144 -1732.86 9472.86 6457.42
35.3 24827.9 57033.8 -1149.85 6398.53 8381.57
35.4 28570.6 62738.3 -743.266 3076.22 10320.3
35.5 32259.6 68158.9 -422.844 -513.81 12285.3
35.6 35893 73387.5 -249.889 -4337.87 14265.2
35.7 39488.9 78563.3 -258.839 -8504.43 16246.2
35.8 42991.9 83632.8 -378.504 -12811 18228.8
35.9 46420.5 88612.7 -613.584 -17262.2 20206.5
36 49759.8 93551.4 -942.388 -21850.9 22158.2
36.1 52909.4 98562.2 -1284.44 -26617.4 24054.2
36.2 55939.9 103638 -1637.62 -31467.7 25794.8
36.3 58860.7 108911 -1958.64 -36435.6 27196.9
36.4 61540.2 118418 -1735.84 -40126.9 27945
36.5 52458.7 125409 -3626.76 -42604.3 28113.8
36.6 51689.5 130708 -5451.67 -44664.2 27372.1
36.7 48468 138143 -6654.08 -46931.6 26159.5
36.8 47202.8 127964 -8721.37 -49192.9 23607
36.9 45909.5 118028 -10642.1 -51132.7 21118.4
37 44464.5 108431 -12436.6 -52613 18693.8
37.1 42825.4 99120.6 -14041.4 -53523.4 16380
37.2 41027.6 90040.4 -15527.2 -53687.1 14147.2
37.3 38937.3 80861.5 -16969.9 -52875.9 11990.5
37.4 36591.2 72144.9 -18131.6 -51302.1 9929.08
37.5 34110.1 63875.1 -18950.7 -49126.5 7960.09
37.6 31531.2 56017.6 -19488.4 -46469.1 6000.33
37.7 28863.2 48510.2 -19812.8 -43317.2 4048.1
37.8 26084.6 41124.4 -20022 -39567.3 2086.4
37.9 23341.7 33898.5 -20179.3 -35315.4 91.9142
38 20685.8 26933.1 -20263.3 -30737.5 -1908.21
38.1 17989.9 20552.2 -20466.3 -26005.5 -3856.51
38.2 14618.5 16029.2 -21449.2 -21125.1 -5802.62
38.3 11353.1 11560.7 -22377.4 -15986.4 -7712.3
38.4 8010.94 7237.83 -23192.9 -10767.5 -9555.27
38.5 4666.48 2834.42 -23791.8 -5484.09 -11488.9
38.6 1448.09 -1715.9 -24140.8 -177.101 -13435.6
38.7 -2354.91 -5809.91 -23681 4438.09 -15442.1
38.8 -7152.12 -11946.1 -20459.5 5343.83 -21707.7
38.9 -11431 -12594.4 -28080.8 10295.3 -32370.7
39 -12035.7 -16978.3 -25660.6 10180.6 -41732.5
39.1 -11321 -21854.8 -21737.4 9201.87 -50628.7
39.2 -10017.8 -25743.7 -17838.8 7859.75 -59625
39.3 -8488.24 -29174.6 -13677.3 6158.59 -68424.7
39.4 -6742.77 -32187.4 -9260.5 4196.74 -77117.1
39.5 -4662.05 -34637.8 -4775.93 2113.88 -85957.6
39.6 -2424.41 -36690.1 -188.006 -106.087 -94763.7
39.7 -186.976 -38627.7 4731.14 -2708.62 -103221
39.8 2138.45 -40415.5 9826.21 -5523.51 -111522
39.9 4650.92 -41985.6 15155.5 -8609.14 -119702
40 6979.96 -43466.8 20456.2 -11712.4 -127628
40.1 9674.19 -44780.3 25955.2 -15016.7 -135657
40.2 12195.8 -46047.7 31345.4 -18265.8 -143449
40.3 14762.5 -47219.7 36729 -21529.7 -151186
40.4 16961.4 -48271.8 41721.6 -24438.4 -158670
40.5 20183.2 -49068.1 47368.6 -27818.3 -167035
40.6 22876.8 -49777.4 52642.5 -30873.6 -174930
40.7 25675.4 -50305.3 58024.3 -33919.8 -182914
